88888888888888888888888888888888
88888888888888888888888888888888
88,,,,,,,,,,,,,,,,,,,,,,,,,,,,88
88,,,,,,,,,,,,,,,,,,,,,,,,,,,,88
88,,;,,,,,;,;;;;;;,,;;;;,,;;,,88
88,,;,,,,,;,,,;;,,,;;,,,,,;;,,88
88,,;,,;,,;,,,;;,,,;;,,;;,,,,,88
88,,,;;,;;,,;;;;;;,,;;;;,,;;,,88
88,,,,,,,,,,,,,,,,,,,,,,,,,,,,88
88,,,,,,,,,,,,,,,,,,,,,,,,,,,,88
88,,,,,,,,,,,,,,,,,,,,,,,,,,,,88
88,,,,,,,,,,,,,,,,,,,,,,,,,,,,88
88,,,,,,,,,,,,,,,,,,,,,,,,,,,,88
88,,,,,,,,,,3333333,,,,,,,,,,,88
88,,,,,,,,,,,,,,,,,,,,,,,,,,,,88
88,,,,,,,,,,,,,,,,,,,,,,,,,,,,88
88,,,,,,,,,,,,,,,,,,,,,,,,,,,,88 
88,,,,,,,,,,,,,,,,,,,,,,,,,,,,88
88,,,,,,,,,,,,,,,3333,,,,,,,,,88
88,,,,,,,,,,,,,,,,,,,,,,,,,,,,88
88,,,,,,,,3333,,,,,,,,,,,,,,,,88
88,,,,,,,,,,,,,,,,,,,,,,,,,,,,88
88,,,,,,,,,,,,,,,,,,,,,,,,,,,,88
88333333333333333333333333333388